prec: 0.000000001 n: 1000
Wynik: 3.14159369169461246524243
Czas wykonania: 12.229607